-1.033155
-0.045869
0.127496
-2.485221
-0.309903
0.839278
2.319426
0.675226
-1.697168
-1.035221
-1.309204
-0.304841
-1.081499
-1.491650
1.501067
0.268681
-1.341604
0.224134
0.669102
0.192220
-0.277024
1.217843
1.429732
-0.633043
-2.195068
0.009857
-0.011785
-0.772081
-0.189775
-0.023805
0.412652
-1.128203
-0.459972
-0.351634
-0.656463
-1.146214
1.780175
-0.968684
0.297757
0.004533
-0.157535
1.345271
-0.236472
-1.867402
-0.686341
0.233543
0.331061
-0.151752
-1.022905
1.789320
-0.691291
1.119725
-0.245415
-0.785908
-1.410146
0.112109
1.254046
-0.526202
1.348570
-0.947931
-0.154166
-0.546149
-0.159068
-0.203280
-0.494008
-1.243607
-2.195041
-0.023122
0.757958
-0.079250
-0.489434
-0.270773
0.537144
0.283022
0.576721
-0.661326
-0.586667
-0.301494
-0.472005
-0.117763
0.429582
0.220970
-0.141989
0.404805
0.364623

-0.414616
1.788243
-0.616934
-0.850868
0.940473
-1.461223
1.168446
-0.916794
0.482773
0.819284
0.242887
-1.197958
0.235944
-0.278491
0.449431
0.213265
1.769819
-1.003440
0.558626
-1.228379
0.065514
-0.155479
0.298373
0.654243
0.978563
-0.029290
0.476847
0.755408
